asa_code,comment
302013,some witty comment here
302015,lame log event
725011,blah
725001,foo
725007,unneeded
725002,unneeded
725016,unneeded
725012,unneeded
725008,unneeded
725010,unneeded
106015,unneeded
106100,unneeded
737001,unneeded
737035,unneeded
710005,unneeded
722036,unneeded
302016,test it works